Printing matrix A:

      1.71      0.434     -0.422      0.222 
    -0.134       1.51     -0.761      0.239 
      1.06      -1.95      0.391      -1.57 
    -0.297       1.74     -0.171       1.25 
    0.0964      -1.71       1.37       1.42 

Printing matrix R:

      2.04      -1.08    -0.0109     -0.758 
         0       3.33      -1.43      0.729 
         0          0       0.88       2.13 
         0          0          0      0.688 

Printing matrix Q:

     0.838      0.403      0.185      0.244 
   -0.0658      0.433     -0.163       0.32 
      0.52     -0.417     -0.226     -0.563 
    -0.145      0.476      0.576      -0.64 
    0.0472       -0.5      0.746      0.334 

Printing (Q^T)*Q:

         1   4.51e-17   1.11e-16  -4.79e-16 
  4.51e-17          1   1.67e-16  -8.05e-16 
  1.11e-16   1.67e-16          1   5.83e-16 
 -4.79e-16  -8.05e-16   5.83e-16          1 
(Q^T)*Q is approximately equal to the identity matrix.

Printing out Q*R:

      1.71      0.434     -0.422      0.222 
    -0.134       1.51     -0.761      0.239 
      1.06      -1.95      0.391      -1.57 
    -0.297       1.74     -0.171       1.25 
    0.0964      -1.71       1.37       1.42 
QR is approximately equal to A.
