sqrt2 = 1.4142135623731
i.pow(i) = (0.207879576350762,0)
sin(i*pi) = (0,11.5487393572577)
epowi = (0.54030230586814,0.841470984807897)
epowipi = (-1,1.22460635382238E-16)
