Printing random matrix A:

    -0.623      0.701      -1.31     0.0884 
      1.93      0.816      -1.81       1.35 
    -0.578      -1.82     0.0646     -0.674 
    -0.537       1.38      -1.31       1.78 

Printing random matrix B:

    -0.171      0.336     -0.143     -0.301 
     0.293     -0.127     -0.604     -0.147 
    -0.574     -0.226     -0.238       0.11 
    -0.703     0.0339       0.25      0.667 

Printing matrix A*B:

         1  -8.33e-17  -9.02e-17  -1.11e-16 
 -2.22e-16          1          0   2.22e-16 
 -2.22e-16   4.51e-17          1  -5.55e-17 
 -2.22e-16   2.36e-16  -5.55e-17          1 
A*B is approximately equal to the identity matrix.
