Printing random matrix A:

     0.614       1.93      0.283    0.00495 
      1.77        1.3      -1.35       -1.7 
      1.47     -0.409       1.51       1.49 
      -1.5      0.847       1.85     -0.314 

Printing random matrix B:

    -0.114      0.297      0.333    -0.0363 
     0.592     -0.123     -0.155    -0.0548 
     -0.27      0.206      0.335       0.46 
     0.549     -0.537    -0.0379     -0.446 

Printing matrix A*B:

         1  -4.25e-17  -7.12e-17  -5.07e-17 
         0          1  -1.25e-16  -1.11e-16 
  1.11e-16  -1.11e-16          1   1.11e-16 
  8.33e-17   8.33e-17    5.2e-17          1 
A*B is approximately equal to the identity matrix.
